lasso_coefficients
0,-0.1869234493187334
1,-0.8863658367377107
2,-0.909458962604468
3,-0.4332888050171161
4,0.8980548088255876
5,0.4121051953037347
6,0.00013976199196344259
7,-5.116094185743974e-05
8,-0.023005792511359688
9,-0.0018506957414120059
10,-0.014699186305485546
11,-0.03096788432237034
12,0.02386345693356547
13,-0.03241783301741594
14,0.47308250137559765
15,-0.025462637286008883
16,-0.09610279339037119
17,0.02861297246604088
18,0.005643477893633279
19,-0.005130456703758564
20,-0.002184184116340502
21,-0.031120365369720793
22,0.03301520762067293
23,-0.00025480454833913015
24,0.04233571243589986
25,-0.0001382182675747001
26,-2.5435377219553204e-05
27,-6.381223546531728e-06
28,5.5133737419070863e-05
29,4.867274162581505e-05
30,-6.064997413058465e-07
31,-7.35291257244735e-05
32,3.3750584891804186e-05
33,-5.0143448727307804e-05
34,-3.286022439280556e-05
35,-2.9233019132629545e-05
36,7.199155358234705e-05
37,-1.2227838977529881e-05
38,3.4250571092075965e-06
39,0.024950400609208844
40,-0.004734013857549219
41,0.002986320627083726
42,-0.01142891452662255
43,0.009212560568741483
44,0.0016652340510505438
45,-0.00023600296708546457
46,0.00824964692288062
47,0.033478732637141226
48,0.00030044964019662493
49,0.0011704124170405332
50,0.00853933748771506
51,-0.003154511265400623
52,-0.011951560493037998
53,-0.007599856593243547
54,0.008485400236294526
55,-0.025674669682394752
56,-0.015065252741727117
57,5.170749701550667e-05
58,1.224032838120781e-05
59,1.126443348342318e-05
60,-5.948881364593178e-05
61,-1.0293582368786636e-05
62,3.5003767290264776e-06
63,-3.3453098923904787e-05
64,-1.272779078495892e-05
65,1.246548766926231e-05
66,-7.102267659890582e-05
67,-5.808510902671066e-05
68,6.205481323851014e-06
69,3.2403063758429385e-05
70,4.753222137818258e-05
71,-3.807938076180739e-06
72,-2.0142506654552417e-06
73,-0.00012618515508584782
74,-0.04183202072448151
75,-0.017446596144289995
76,0.011653321361323916
77,-0.007739640787049206
78,0.0025116469605636444
79,0.000641305865336084
80,-0.0024322220127696017
81,0.008748883706507938
82,0.054468644817758004
83,0.003469652257894291
84,-0.02115509437207068
85,0.007720541203819273
86,-0.03625026356963272
87,0.012212819598085557
88,0.022115420140798314
89,-0.006668618787629789
90,-0.013109337136318512
91,-0.004110898214110549
92,-9.55561726020751e-05
93,3.896998890473829e-05
94,-3.7664991938787806e-05
95,7.555743193447123e-06
96,5.518984435078089e-06
97,3.522439092028956e-05
98,8.625510450887674e-05
99,-2.9899174353691105e-05
100,3.474342128366795e-05
101,4.622915358853952e-08
102,0.0001613198974153643
103,2.8894058599307493e-05
104,1.7570455036336474e-06
105,-8.733240203995588e-05
106,1.723022083466308e-05
107,6.203837445100877e-05
108,3.4752830094381126e-05
109,1.8613661514899071e-09
110,7.367934203722504e-09
111,-5.98131259105239e-09
112,-7.099984787595215e-09
113,3.983937341070498e-05
114,-5.7518612187959506e-05
115,2.528355710665342e-05
116,8.511915884203136e-05
117,7.511271928718581e-05
118,-1.6625863402466856e-05
119,2.2532160515467692e-05
120,-9.462986631058462e-05
121,-3.807056126557684e-05
122,-0.00010985138333208938
123,1.765872812644481e-05
124,-3.040455884274762e-05
125,-9.764406343839432e-06
126,3.0120754487508727e-05
127,1.2287304347758515e-05
128,4.540694082447779e-05
129,-7.404308030672241e-05
130,4.18014733541347e-05
131,4.543702677181627e-05
132,5.248983849243105e-05
133,0.00010043351042843263
134,-8.204793702146218e-05
135,4.4824437455487365e-05
136,-8.603938481908067e-05
137,0.0006564252510142185
138,-1.676730509908575e-05
139,-8.992891878134568e-05
140,-5.57257554190671e-05
141,-0.00015402211521328701
142,0.00016517368584062497
143,-0.000230788771773076
144,-0.00028409234979410655
145,0.00012361300506953665
146,-4.36502632387638e-05
147,0.00012205421413566397
148,0.00010366572678788266
149,0.0003855336571264578
150,-0.00013965499254606217
151,-0.00012254203348441295
152,-0.00016374745795999512
153,-0.0003410741916855947
154,-232.2191217469715
155,80.21493187552332
156,-199.2487157194436
157,-130.23572690353762
158,-5.44240902609651
159,-86.35564498685612
160,0.00031819499823998454
161,214.3312142022114
162,356.73156196709147
163,-186.10591383853918
164,-124.5123581928856
165,-80.21489812699298
166,199.24868844281812
167,130.23580098378469
168,5.442409720045507
169,86.35560963994682
170,-28.225491565310314
171,-0.027063294521655276
172,0.0001347678708420886
173,0.005302956937040691
174,0.006064073485923855
175,-0.008717987521168393
176,0.00865117836380636
177,-0.15011636745289533
178,-0.014753639157529856
179,0.04199534222877576
180,-0.0015095649231376667
181,-0.004374302291324621
182,0.008771106548620091
183,0.017739548548785945
184,-0.020649305876879836
185,0.007936998551594599
186,0.0006653885770502642
187,-0.00020329765260685556
188,3.8605582724102194e-05
189,7.726701196503205e-06
190,9.431640331171443e-05
191,4.8359660673372986e-05
192,5.0975284588309494e-05
193,0.00014412627562826116
194,-7.166590201114487e-05
195,-6.261482093186665e-05
196,0.00011637515412879496
197,0.00016255784600127448
198,6.783589652242794e-05
199,0.00010186014576449298
200,-2.4060383964429055e-05
201,-8.168634947389175e-06
202,-1.687886087235746e-05
203,-1.582684790323724e-05
204,-124.51209942820817
205,-80.21488425438051
206,199.24870839117258
207,130.23582298275477
208,5.442375760281331
209,86.35555307376944
210,-0.0003738331333403705
211,-214.33122893401128
212,-356.73153034913514
213,0.00047615520236065495
214,-186.10596776398216
215,-2.6998973834596596e-05
216,-0.008607973155161805
217,-0.0030895132945356644
218,-0.019190739423295036
219,-0.012144322129217679
220,-0.008593572574976702
221,-0.031378602158052805
222,-0.3036416956634415
223,0.039458067449468115
224,-0.023275889956100193
225,-0.011775619659719246
226,-0.02322139809487263
227,-0.013292866044800972
228,-0.0009921487253175543
229,0.03192075217116722
230,0.02935556495857071
231,0.0038787789580383056
232,0.18330349956624875
233,-0.00012410971491808552
234,-8.20527727153908e-05
